GROUND 1637828484.682824 -7.0 4.0 -0.7853981633974483 
GROUND 1637828484.805467 -7.0 4.0 -0.7853981633974483 
GROUND 1637828484.927813 -7.0 4.0 -0.7853981633974483 
GROUND 1637828485.0717094 -7.0 4.0 -0.7853981633974483 
GROUND 1637828485.1937847 -6.929289321881345 3.9292893218813454 -0.7853981633974483 
GROUND 1637828485.316201 -6.858578643762691 3.8585786437626908 -0.7853981633974483 
GROUND 1637828485.4393003 -6.787867965644036 3.787867965644036 -0.7853981633974483 
GROUND 1637828485.5616503 -6.646446609406727 3.6464466094067265 -0.7853981633974483 
GROUND 1637828485.6836605 -6.505025253169418 3.505025253169417 -0.7853981633974483 
GROUND 1637828485.8062837 -6.292893218813453 3.2928932188134525 -0.7853981633974483 
GROUND 1637828485.928509 -6.080761184457488 3.0807611844574883 -0.7853981633974483 
GROUND 1637828486.0514293 -5.8686291501015235 2.868629150101524 -0.7853981633974483 
GROUND 1637828486.1740444 -5.656497115745559 2.6564971157455597 -0.7853981633974483 
GROUND 1637828486.2971642 -5.444365081389594 2.4443650813895954 -0.7853981633974483 
GROUND 1637828486.419917 -5.232233047033629 2.232233047033631 -0.7853981633974483 
GROUND 1637828486.542793 -5.020101012677665 2.020101012677667 -0.7853981633974483 
GROUND 1637828486.665236 -4.8079689783217 1.8079689783217026 -0.7853981633974483 
GROUND 1637828486.7879336 -4.595836943965735 1.5958369439657383 -0.7853981633974483 
GROUND 1637828486.9110837 -4.38370490960977 1.383704909609774 -0.7853981633974483 
GROUND 1637828487.0336814 -4.171572875253806 1.1715728752538097 -0.7853981633974483 
GROUND 1637828487.1587954 -3.9594408408978414 0.9594408408978454 -0.7853981633974483 
GROUND 1637828487.2821147 -3.747308806541877 0.7473088065418811 -0.7853981633974483 
GROUND 1637828487.4047124 -3.535176772185913 0.5351767721859169 -0.7853981633974483 
GROUND 1637828487.5279708 -3.3230447378299486 0.3230447378299526 -0.7853981633974483 
GROUND 1637828487.6503558 -3.1109127034739843 0.1109127034739883 -0.7853981633974483 
GROUND 1637828487.7726083 -2.89878066911802 -0.10121933088197599 -0.7853981633974483 
GROUND 1637828487.894471 -2.6866486347620557 -0.31335136523794027 -0.7853981633974483 
GROUND 1637828488.0166388 -2.4745166004060914 -0.5254833995939046 -0.7853981633974483 
GROUND 1637828488.1391082 -2.262384566050127 -0.7376154339498688 -0.7853981633974483 
GROUND 1637828488.2612207 -2.050252531694163 -0.9497474683058331 -0.7853981633974483 
GROUND 1637828488.3835328 -1.8381204973381986 -1.1618795026617974 -0.7853981633974483 
GROUND 1637828488.5073888 -1.6259884629822343 -1.3740115370177617 -0.7653981633974483 
GROUND 1637828488.630471 -1.4096564957688829 -1.5818587885309858 -0.7453981633974482 
GROUND 1637828488.7530322 -1.189211125600642 -1.7853381210721244 -0.7253981633974482 
GROUND 1637828488.875215 -0.9647405276863462 -1.9843681456211824 -0.7053981633974482 
GROUND 1637828488.997843 -0.7363344872722601 -2.1788692528220386 -0.6853981633974482 
GROUND 1637828489.1205037 -0.5040843637291761 -2.368763644825126 -0.6653981633974482 
GROUND 1637828489.2591941 -0.2680830540098843 -2.553975366405535 -0.6453981633974482 
GROUND 1637828489.3823252 -0.028424955491630266 -2.7344303353440904 -0.6253981633974481 
GROUND 1637828489.5047512 0.2147940717815774 -2.9100563720592505 -0.6053981633974481 
GROUND 1637828489.626661 0.4614767434417065 -3.0807832284779786 -0.5853981633974481 
GROUND 1637828489.7612689 0.7115243897091516 -3.2465426161340347 -0.5653981633974481 
GROUND 1637828489.8839648 0.9648369948593296 -3.4072682334824527 -0.5453981633974481 
GROUND 1637828490.0061772 1.221313237227637 -3.562895792419272 -0.525398163397448 
GROUND 1637828490.129024 1.480850529736764 -3.7133630439959253 -0.485398163397448 
GROUND 1637828490.2526004 1.7461973053018283 -3.8533312142962597 -0.445398163397448 
GROUND 1637828490.375331 2.016929065686219 -3.9825763841060784 -0.40539816339744794 
GROUND 1637828490.4987226 2.2926126978263497 -4.100891788724518 -0.34539816339744794 
GROUND 1637828490.6210914 2.5748949139690844 -4.20246319439337 -0.28539816339744795 
GROUND 1637828490.745572 2.8627598029645216 -4.28692505373618 -0.20539816339744793 
GROUND 1637828490.8748243 3.1564537591412356 -4.348112144738045 -0.12539816339744791 
GROUND 1637828490.9970274 3.454098143441229 -4.38563307882394 -0.02539816339744791 
GROUND 1637828491.1270263 3.754001388636911 -4.393251708694117 0.0746018366025521 
GROUND 1637828491.2498207 4.053166960637118 -4.370891911517299 0.1746018366025521 
GROUND 1637828491.3726547 4.348605695937416 -4.31877709899571 0.2946018366025521 
GROUND 1637828491.494189 4.635681044469889 -4.231669439946926 0.4146018366025521 
GROUND 1637828491.6165898 4.910264079497186 -4.110821780163221 0.5346018366025521 
GROUND 1637828491.7384305 5.168405547832844 -3.9579722387000196 0.6546018366025521 
GROUND 1637828491.860983 5.406392670876823 -3.7753192089817857 0.7746018366025521 
GROUND 1637828491.9836898 5.620802544501323 -3.565489739906716 0.8746018366025521 
GROUND 1637828492.105218 5.813193269023483 -3.335303273932196 0.9746018366025521 
GROUND 1637828492.2279758 5.981642539919793 -3.0870597581367147 1.054601836602552 
GROUND 1637828492.3533053 6.12971475598004 -2.8261486260802084 1.134601836602552 
GROUND 1637828492.4756088 6.256462760333458 -2.554238818621143 1.1946018366025521 
GROUND 1637828492.5978553 6.36667788525845 -2.2752179838475217 1.2346018366025522 
GROUND 1637828492.7207315 6.465646992432358 -1.992012906518037 1.2746018366025522 
GROUND 1637828492.8436985 6.553211752395989 -1.705076654342555 1.3146018366025523 
GROUND 1637828492.9663105 6.629232080212886 -1.4148682641147543 1.3346018366025523 
GROUND 1637828493.0888271 6.6994334236032405 -1.1231976084323743 1.3546018366025523 
GROUND 1637828493.211737 6.763787702965702 -0.8301813516687976 1.3746018366025523 
GROUND 1637828493.3348029 6.822269177446572 -0.5359366964198985 1.3746018366025523 
GROUND 1637828493.4578898 6.880750651927441 -0.2416920411709994 1.3746018366025523 
GROUND 1637828493.5802405 6.93923212640831 0.052552614077899684 1.3746018366025523 
GROUND 1637828493.7036133 6.997713600889179 0.3467972693267988 1.3546018366025523 
GROUND 1637828493.826418 7.062067880251641 0.6398135260903755 1.3346018366025523 
GROUND 1637828493.9494548 7.132269223641996 0.9314841817727555 1.3146018366025523 
GROUND 1637828494.0724835 7.2082895514588925 1.2216925720005563 1.2946018366025522 
GROUND 1637828494.1956348 7.290098456584796 1.5103226172870803 1.2946018366025522 
GROUND 1637828494.3196805 7.3719073617107 1.7989526625736043 1.2946018366025522 
GROUND 1637828494.4424613 7.4537162668366035 2.087582707860128 1.3146018366025523 
GROUND 1637828494.5653374 7.5297365946535 2.377791098087929 1.3546018366025523 
GROUND 1637828494.6887038 7.594090874015962 2.670807354851506 1.4146018366025523 
GROUND 1637828494.811691 7.640758921703559 2.967155280987371 1.4746018366025524 
GROUND 1637828494.9353342 7.669572783140058 3.2657683439787917 1.5346018366025524 
GROUND 1637828495.0579522 7.6804287595395255 3.565571859262409 1.5946018366025525 
GROUND 1637828495.180777 7.673287781109971 3.8654868579321464 1.6546018366025526 
GROUND 1637828495.3153758 7.648175547662409 4.164433969862125 1.7346018366025526 
GROUND 1637828495.4384315 7.599253363549957 4.460418124677323 1.8146018366025527 
GROUND 1637828495.5612411 7.526834163798833 4.751546033864002 1.8946018366025528 
GROUND 1637828495.6850786 7.431381184149305 5.035955472307993 1.9746018366025528 
GROUND 1637828495.8080077 7.313504997927789 5.311827190180396 2.054601836602553 
GROUND 1637828495.9314976 7.173959610461214 5.577396549928096 2.134601836602553 
GROUND 1637828496.0561333 7.013637636016045 5.8309648139320975 2.234601836602553 
GROUND 1637828496.179036 6.828802017508781 6.06726080232597 2.334601836602553 
GROUND 1637828496.302502 6.621299571341013 6.283923523702751 2.4346018366025532 
GROUND 1637828496.4250803 6.393203593363661 6.478788155769617 2.5346018366025533 
GROUND 1637828496.548026 6.146793143190169 6.649907675536641 2.6346018366025534 
GROUND 1637828496.6709754 5.884530272586204 6.795572313326902 2.7346018366025535 
GROUND 1637828496.7940323 5.609035425462262 6.914326636229928 2.8346018366025536 
GROUND 1637828496.9178386 5.323061255264318 7.004984090306232 2.9346018366025537 
GROUND 1637828497.0620859 5.029465121370496 7.0666388562420535 3.034601836602554 
GROUND 1637828497.1849048 4.731180539300684 7.098674899996517 3.134601836602554 
GROUND 1637828497.3081903 4.431187869999151 7.100772128010138 3.234601836602554 
GROUND 1637828497.4316072 4.132484541053166 7.0729095854738535 3.334601836602554 
GROUND 1637828497.5539649 3.8380550973873624 7.015365665702555 3.434601836602554 
GROUND 1637828497.6774035 3.550841380677416 6.928715328521108 3.5346018366025542 
GROUND 1637828497.8004239 3.27371313544046 6.813824355455833 3.6146018366025543 
GROUND 1637828497.9232671 3.0066527046759437 6.677154218557274 3.6946018366025544 
GROUND 1637828498.0461605 2.7513683637689343 6.5195791403003565 3.7546018366025544 
GROUND 1637828498.1690269 2.5059922298521515 6.3469797402317205 3.7946018366025545 
GROUND 1637828498.2921085 2.267714505760201 6.164705973052896 3.8146018366025545 
GROUND 1637828498.4153411 2.0331296679413198 5.977703422627804 3.8146018366025545 
GROUND 1637828498.5381658 1.7985448301224385 5.790700872202712 3.8146018366025545 
GROUND 1637828498.6609895 1.5639599923035572 5.60369832177762 3.8146018366025545 
GROUND 1637828498.7837398 1.329375154484676 5.416695771352528 3.7946018366025545 
GROUND 1637828498.9055982 1.0910974303927257 5.2344220041737035 3.7546018366025544 
GROUND 1637828499.027788 0.8457212964759431 5.061822604105068 3.6946018366025544 
GROUND 1637828499.1513715 0.5904369555689337 4.90424752584815 3.6146018366025543 
GROUND 1637828499.2738872 0.3233765248044172 4.767577388949591 3.514601836602554 
GROUND 1637828499.3963897 0.04400603709260653 4.658251588720802 3.394601836602554 
GROUND 1637828499.5181673 -0.2464430285694013 4.583156047867388 3.254601836602554 
GROUND 1637828499.64014 -0.5445294051395149 4.549325409338083 3.094601836602554 
GROUND 1637828499.7629495 -0.8441982455512158 4.5634174668992245 2.9346018366025537 
GROUND 1637828499.88479 -1.137794379445038 4.625072232835046 2.7746018366025536 
GROUND 1637828500.0068588 -1.4178177663805067 4.732714709437866 2.6146018366025534 
GROUND 1637828500.1289167 -1.677115087618574 4.8835951230068995 2.4546018366025533 
GROUND 1637828500.2517133 -1.9090624807479746 5.073859168008775 2.294601836602553 
GROUND 1637828500.8337722 -2.1077347491203002 5.298646466982259 2.134601836602553 