GROUND 1637933296.0911343 -7.0 4.0 -0.7853981633974483 
GROUND 1637933296.2162848 -7.0 4.0 -0.7853981633974483 
GROUND 1637933296.3540993 -7.0 4.0 -0.7853981633974483 
GROUND 1637933296.4811492 -7.0 4.0 -0.7853981633974483 
GROUND 1637933296.60783 -7.0 4.0 -0.7853981633974483 
GROUND 1637933296.7352564 -6.929289321881345 3.9292893218813454 -0.7853981633974483 
GROUND 1637933296.864403 -6.858578643762691 3.8585786437626908 -0.7853981633974483 
GROUND 1637933296.9956305 -6.787867965644036 3.787867965644036 -0.7853981633974483 
GROUND 1637933297.1210635 -6.7171572875253815 3.7171572875253815 -0.7853981633974483 
GROUND 1637933297.2465067 -6.646446609406727 3.646446609406727 -0.7853981633974483 
GROUND 1637933297.371077 -6.575735931288072 3.5757359312880723 -0.7853981633974483 
GROUND 1637933297.4956312 -6.505025253169418 3.5050252531694177 -0.7853981633974483 
GROUND 1637933297.6341004 -6.434314575050763 3.434314575050763 -0.7853981633974483 
GROUND 1637933297.7603743 -6.3636038969321085 3.3636038969321085 -0.7853981633974483 
GROUND 1637933297.8836749 -6.292893218813454 3.292893218813454 -0.7853981633974483 
GROUND 1637933298.0095735 -6.222182540694799 3.2221825406947993 -0.7853981633974483 
GROUND 1637933298.1337786 -6.151471862576145 3.1514718625761446 -0.7853981633974483 
GROUND 1637933298.2639785 -6.08076118445749 3.08076118445749 -0.7853981633974483 
GROUND 1637933298.3921204 -6.010050506338835 3.0100505063388354 -0.7853981633974483 
GROUND 1637933298.518188 -5.939339828220181 2.939339828220181 -0.7853981633974483 
GROUND 1637933298.6483483 -5.868629150101526 2.868629150101526 -0.7853981633974483 
GROUND 1637933298.793164 -5.797918471982872 2.7979184719828716 -0.7853981633974483 
GROUND 1637933298.9299166 -5.727207793864217 2.727207793864217 -0.7853981633974483 
GROUND 1637933299.0573757 -5.656497115745562 2.6564971157455624 -0.7853981633974483 
GROUND 1637933299.2110605 -5.585786437626908 2.5857864376269077 -0.7853981633974483 
GROUND 1637933299.3362844 -5.515075759508253 2.515075759508253 -0.7853981633974483 
GROUND 1637933299.4630132 -5.4443650813895985 2.4443650813895985 -0.7853981633974483 
GROUND 1637933299.595062 -5.373654403270944 2.373654403270944 -0.7853981633974483 
GROUND 1637933299.741494 -5.302943725152289 2.3029437251522893 -0.7853981633974483 
GROUND 1637933299.8677065 -5.232233047033635 2.2322330470336347 -0.7853981633974483 
GROUND 1637933299.9927623 -5.16152236891498 2.16152236891498 -0.7853981633974483 
GROUND 1637933300.1215122 -5.0908116907963255 2.0908116907963255 -0.7853981633974483 
GROUND 1637933300.2482595 -5.020101012677671 2.020101012677671 -0.7853981633974483 
GROUND 1637933300.375814 -4.949390334559016 1.949390334559016 -0.7853981633974483 
GROUND 1637933300.5118036 -4.878679656440362 1.8786796564403612 -0.7853981633974483 
GROUND 1637933300.6399515 -4.807968978321707 1.8079689783217063 -0.7853981633974483 
GROUND 1637933300.766475 -4.737258300203052 1.7372583002030515 -0.7853981633974483 
GROUND 1637933300.8926055 -4.666547622084398 1.6665476220843967 -0.7853981633974483 
GROUND 1637933301.0188012 -4.595836943965743 1.5958369439657418 -0.7853981633974483 
GROUND 1637933301.1470218 -4.5251262658470885 1.525126265847087 -0.7853981633974483 
GROUND 1637933301.2737913 -4.454415587728434 1.4544155877284322 -0.7853981633974483 
GROUND 1637933301.417038 -4.383704909609779 1.3837049096097773 -0.7853981633974483 
GROUND 1637933301.554839 -4.312994231491125 1.3129942314911225 -0.7853981633974483 
GROUND 1637933301.6789193 -4.24228355337247 1.2422835533724677 -0.7853981633974483 
GROUND 1637933301.8175874 -4.1715728752538155 1.1715728752538128 -0.7853981633974483 
GROUND 1637933301.9437213 -4.100862197135161 1.100862197135158 -0.7853981633974483 
GROUND 1637933302.0712326 -4.030151519016506 1.0301515190165031 -0.7853981633974483 
GROUND 1637933302.2039764 -3.9594408408978516 0.9594408408978484 -0.7853981633974483 
GROUND 1637933302.3341691 -3.888730162779197 0.8887301627791937 -0.7853981633974483 
GROUND 1637933302.46482 -3.8180194846605424 0.818019484660539 -0.7853981633974483 
GROUND 1637933302.594837 -3.747308806541888 0.7473088065418843 -0.7853981633974483 
GROUND 1637933302.7506764 -3.676598128423233 0.6765981284232295 -0.7853981633974483 
GROUND 1637933302.8782265 -3.6058874503045786 0.6058874503045748 -0.7853981633974483 
GROUND 1637933303.0050316 -3.535176772185924 0.5351767721859201 -0.7853981633974483 
GROUND 1637933303.135222 -3.4644660940672694 0.46446609406726536 -0.7853981633974483 
GROUND 1637933303.2876709 -3.3937554159486147 0.39375541594861063 -0.7853981633974483 
GROUND 1637933303.4300165 -3.32304473782996 0.3230447378299559 -0.7853981633974483 
GROUND 1637933303.5559537 -3.2523340597113055 0.2523340597113012 -0.7853981633974483 
GROUND 1637933303.6819634 -3.181623381592651 0.18162338159264643 -0.7853981633974483 
GROUND 1637933303.8085244 -3.1109127034739963 0.11091270347399168 -0.7853981633974483 
GROUND 1637933303.9343245 -3.0402020253553417 0.04020202535533693 -0.7853981633974483 
GROUND 1637933304.0634735 -2.969491347236687 -0.030508652763317823 -0.7853981633974483 
GROUND 1637933304.1943033 -2.8987806691180324 -0.10121933088197257 -0.7853981633974483 
GROUND 1637933304.326919 -2.828069990999378 -0.17193000900062733 -0.7853981633974483 
GROUND 1637933304.4586506 -2.7573593128807232 -0.24264068711928208 -0.7853981633974483 
GROUND 1637933304.6024637 -2.6866486347620686 -0.31335136523793683 -0.7853981633974483 
GROUND 1637933304.7296212 -2.615937956643414 -0.38406204335659155 -0.7853981633974483 
GROUND 1637933304.858687 -2.5452272785247594 -0.4547727214752463 -0.7853981633974483 
GROUND 1637933304.989814 -2.4745166004061048 -0.525483399593901 -0.7853981633974483 
GROUND 1637933305.1153328 -2.40380592228745 -0.5961940777125557 -0.7853981633974483 
GROUND 1637933305.2438874 -2.3330952441687955 -0.6669047558312104 -0.7853981633974483 
GROUND 1637933305.8455129 -2.262384566050141 -0.7376154339498652 -0.7853981633974483 
